# N = 1000
# h = 0.01
# t0 = 0
# tf = 10
# time, Sun, Earth
0             0             0             
0.01          0             0.06283185    
0.02          0             0.1256637     
0.03          0             0.188249      
0.04          0             0.250344      
0.05          0             0.3117089     
0.06          0             0.3721089     
0.07          0             0.4313149     
0.08          0             0.489105      
0.09          0             0.5452651     
0.1           0             0.5995903     
0.11          0             0.6518856     
0.12          0             0.701967      
0.13          0             0.7496621     
0.14          0             0.7948115     
0.15          0             0.8372688     
0.16          0             0.8769016     
0.17          0             0.9135923     
0.18          0             0.9472376     
0.19          0             0.9777497     
0.2           0             1.005056      
0.21          0             1.029099      
0.22          0             1.049836      
0.23          0             1.06724       
0.24          0             1.081297      
0.25          0             1.09201       
0.26          0             1.099391      
0.27          0             1.103469      
0.28          0             1.104283      
0.29          0             1.101882      
0.3           0             1.096329      
0.31          0             1.087692      
0.32          0             1.076053      
0.33          0             1.061495      
0.34          0             1.044115      
0.35          0             1.02401       
0.36          0             1.001285      
0.37          0             0.9760482     
0.38          0             0.9484123     
0.39          0             0.9184915     
0.4           0             0.8864022     
0.41          0             0.8522623     
0.42          0             0.81619       
0.43          0             0.7783041     
0.44          0             0.7387224     
0.45          0             0.6975624     
0.46          0             0.6549398     
0.47          0             0.6109692     
0.48          0             0.565763      
0.49          0             0.5194313     
0.5           0             0.4720822     
0.51          0             0.4238207     
0.52          0             0.3747494     
0.53          0             0.3249679     
0.54          0             0.2745729     
0.55          0             0.2236579     
0.56          0             0.1723135     
0.57          0             0.1206272     
0.58          0             0.06868318    
0.59          0             0.01656274    
0.6           0             -0.035656     
0.61          0             -0.08789793   
0.62          0             -0.140091     
0.63          0             -0.192166     
0.64          0             -0.2440566    
0.65          0             -0.2956995    
0.66          0             -0.3470339    
0.67          0             -0.3980017    
0.68          0             -0.4485476    
0.69          0             -0.4986186    
0.7           0             -0.5481642    
0.71          0             -0.5971363    
0.72          0             -0.6454891    
0.73          0             -0.6931788    
0.74          0             -0.7401641    
0.75          0             -0.7864054    
0.76          0             -0.8318652    
0.77          0             -0.8765079    
0.78          0             -0.9202997    
0.79          0             -0.9632086    
0.8           0             -1.005204     
0.81          0             -1.046258     
0.82          0             -1.086342     
0.83          0             -1.125431     
0.84          0             -1.163502     
0.85          0             -1.20053      
0.86          0             -1.236495     
0.87          0             -1.271376     
0.88          0             -1.305154     
0.89          0             -1.337811     
0.9           0             -1.369331     
0.91          0             -1.399697     
0.92          0             -1.428896     
0.93          0             -1.456914     
0.94          0             -1.483738     
0.95          0             -1.509356     
0.96          0             -1.533757     
0.97          0             -1.556933     
0.98          0             -1.578873     
0.99          0             -1.59957      
1             0             -1.619016     
1.01          0             -1.637204     
1.02          0             -1.654128     
1.03          0             -1.669784     
1.04          0             -1.684167     
1.05          0             -1.697272     
1.06          0             -1.709097     
1.07          0             -1.71964      
1.08          0             -1.728898     
1.09          0             -1.736871     
1.1           0             -1.743557     
1.11          0             -1.748957     
1.12          0             -1.753071     
1.13          0             -1.755901     
1.14          0             -1.757448     
1.15          0             -1.757715     
1.16          0             -1.756704     
1.17          0             -1.754419     
1.18          0             -1.750864     
1.19          0             -1.746044     
1.2           0             -1.739964     
1.21          0             -1.732629     
1.22          0             -1.724046     
1.23          0             -1.714221     
1.24          0             -1.703162     
1.25          0             -1.690877     
1.26          0             -1.677374     
1.27          0             -1.662662     
1.28          0             -1.646751     
1.29          0             -1.629651     
1.3           0             -1.611373     
1.31          0             -1.591927     
1.32          0             -1.571327     
1.33          0             -1.549584     
1.34          0             -1.526711     
1.35          0             -1.502723     
1.36          0             -1.477633     
1.37          0             -1.451457     
1.38          0             -1.42421      
1.39          0             -1.395908     
1.4           0             -1.366568     
1.41          0             -1.336208     
1.42          0             -1.304846     
1.43          0             -1.272501     
1.44          0             -1.239193     
1.45          0             -1.204941     
1.46          0             -1.169767     
1.47          0             -1.133692     
1.48          0             -1.09674      
1.49          0             -1.058933     
1.5           0             -1.020295     
1.51          0             -0.980851     
1.52          0             -0.9406267    
1.53          0             -0.8996483    
1.54          0             -0.8579428    
1.55          0             -0.8155383    
1.56          0             -0.7724634    
1.57          0             -0.7287476    
1.58          0             -0.6844213    
1.59          0             -0.6395156    
1.6           0             -0.5940626    
1.61          0             -0.548095     
1.62          0             -0.5016464    
1.63          0             -0.4547514    
1.64          0             -0.4074451    
1.65          0             -0.3597636    
1.66          0             -0.3117439    
1.67          0             -0.2634235    
1.68          0             -0.2148408    
1.69          0             -0.1660352    
1.7           0             -0.1170465    
1.71          0             -0.06791539   
1.72          0             -0.01868323   
1.73          0             0.03060794    
1.74          0             0.07991546    
1.75          0             0.129196      
1.76          0             0.1784058     
1.77          0             0.2275004     
1.78          0             0.276435      
1.79          0             0.3251641     
1.8           0             0.3736423     
1.81          0             0.4218234     
1.82          0             0.469661      
1.83          0             0.5171088     
1.84          0             0.5641201     
1.85          0             0.6106481     
1.86          0             0.6566461     
1.87          0             0.7020674     
1.88          0             0.7468657     
1.89          0             0.7909945     
1.9           0             0.8344081     
1.91          0             0.8770608     
1.92          0             0.9189077     
1.93          0             0.9599043     
1.94          0             1.000007      
1.95          0             1.039173      
1.96          0             1.07736       
1.97          0             1.114526      
1.98          0             1.150633      
1.99          0             1.185641      
2             0             1.219512      
2.01          0             1.252211      
2.02          0             1.283701      
2.03          0             1.313951      
2.04          0             1.342928      
2.05          0             1.370603      
2.06          0             1.396946      
2.07          0             1.421932      
2.08          0             1.445535      
2.09          0             1.467734      
2.1           0             1.488507      
2.11          0             1.507836      
2.12          0             1.525703      
2.13          0             1.542095      
2.14          0             1.556999      
2.15          0             1.570405      
2.16          0             1.582304      
2.17          0             1.59269       
2.18          0             1.601559      
2.19          0             1.608909      
2.2           0             1.614741      
2.21          0             1.619057      
2.22          0             1.62186       
2.23          0             1.623158      
2.24          0             1.622957      
2.25          0             1.621268      
2.26          0             1.618104      
2.27          0             1.613476      
2.28          0             1.607401      
2.29          0             1.599895      
2.3           0             1.590977      
2.31          0             1.580665      
2.32          0             1.568982      
2.33          0             1.55595       
2.34          0             1.541592      
2.35          0             1.525933      
2.36          0             1.508999      
2.37          0             1.490817      
2.38          0             1.471414      
2.39          0             1.450818      
2.4           0             1.429059      
2.41          0             1.406166      
2.42          0             1.382171      
2.43          0             1.357103      
2.44          0             1.330994      
2.45          0             1.303876      
2.46          0             1.27578       
2.47          0             1.246738      
2.48          0             1.216783      
2.49          0             1.185948      
2.5           0             1.154263      
2.51          0             1.121763      
2.52          0             1.088478      
2.53          0             1.054442      
2.54          0             1.019686      
2.55          0             0.9842429     
2.56          0             0.9481431     
2.57          0             0.9114185     
2.58          0             0.8741001     
2.59          0             0.8362186     
2.6           0             0.7978045     
2.61          0             0.7588876     
2.62          0             0.7194977     
2.63          0             0.6796638     
2.64          0             0.6394148     
2.65          0             0.5987788     
2.66          0             0.5577838     
2.67          0             0.5164571     
2.68          0             0.4748255     
2.69          0             0.4329154     
2.7           0             0.3907526     
2.71          0             0.3483626     
2.72          0             0.3057701     
2.73          0             0.2629996     
2.74          0             0.2200747     
2.75          0             0.1770189     
2.76          0             0.1338549     
2.77          0             0.09060499    
2.78          0             0.04729097    
2.79          0             0.00393409    
2.8           0             -0.03944487   
2.81          0             -0.08282565   
2.82          0             -0.1261885    
2.83          0             -0.169514     
2.84          0             -0.2127835    
2.85          0             -0.2559786    
2.86          0             -0.2990813    
2.87          0             -0.3420744    
2.88          0             -0.3849408    
2.89          0             -0.427664     
2.9           0             -0.470228     
2.91          0             -0.512617     
2.92          0             -0.5548159    
2.93          0             -0.5968098    
2.94          0             -0.6385843    
2.95          0             -0.6801254    
2.96          0             -0.7214194    
2.97          0             -0.7624531    
2.98          0             -0.8032136    
2.99          0             -0.8436884    
3             0             -0.8838653    
3.01          0             -0.9237325    
3.02          0             -0.9632784    
3.03          0             -1.002492     
3.04          0             -1.041362     
3.05          0             -1.079879     
3.06          0             -1.118032     
3.07          0             -1.155811     
3.08          0             -1.193206     
3.09          0             -1.230209     
3.1           0             -1.26681      
3.11          0             -1.303        
3.12          0             -1.338771     
3.13          0             -1.374115     
3.14          0             -1.409023     
3.15          0             -1.443488     
3.16          0             -1.477502     
3.17          0             -1.511058     
3.18          0             -1.544149     
3.19          0             -1.576768     
3.2           0             -1.608908     
3.21          0             -1.640563     
3.22          0             -1.671727     
3.23          0             -1.702393     
3.24          0             -1.732557     
3.25          0             -1.762211     
3.26          0             -1.791351     
3.27          0             -1.819972     
3.28          0             -1.848068     
3.29          0             -1.875634     
3.3           0             -1.902666     
3.31          0             -1.929159     
3.32          0             -1.955108     
3.33          0             -1.980509     
3.34          0             -2.005359     
3.35          0             -2.029652     
3.36          0             -2.053386     
3.37          0             -2.076556     
3.38          0             -2.099159     
3.39          0             -2.121191     
3.4           0             -2.142649     
3.41          0             -2.16353      
3.42          0             -2.183831     
3.43          0             -2.203549     
3.44          0             -2.22268      
3.45          0             -2.241223     
3.46          0             -2.259175     
3.47          0             -2.276532     
3.48          0             -2.293294     
3.49          0             -2.309457     
3.5           0             -2.325019     
3.51          0             -2.339979     
3.52          0             -2.354334     
3.53          0             -2.368083     
3.54          0             -2.381223     
3.55          0             -2.393753     
3.56          0             -2.405672     
3.57          0             -2.416977     
3.58          0             -2.427669     
3.59          0             -2.437744     
3.6           0             -2.447203     
3.61          0             -2.456044     
3.62          0             -2.464265     
3.63          0             -2.471867     
3.64          0             -2.478848     
3.65          0             -2.485207     
3.66          0             -2.490945     
3.67          0             -2.496059     
3.68          0             -2.50055      
3.69          0             -2.504417     
3.7           0             -2.50766      
3.71          0             -2.510279     
3.72          0             -2.512273     
3.73          0             -2.513643     
3.74          0             -2.514388     
3.75          0             -2.514508     
3.76          0             -2.514004     
3.77          0             -2.512875     
3.78          0             -2.511123     
3.79          0             -2.508747     
3.8           0             -2.505748     
3.81          0             -2.502127     
3.82          0             -2.497884     
3.83          0             -2.49302      
3.84          0             -2.487535     
3.85          0             -2.481431     
3.86          0             -2.474709     
3.87          0             -2.467369     
3.88          0             -2.459413     
3.89          0             -2.450842     
3.9           0             -2.441657     
3.91          0             -2.43186      
3.92          0             -2.421452     
3.93          0             -2.410436     
3.94          0             -2.398811     
3.95          0             -2.386581     
3.96          0             -2.373747     
3.97          0             -2.360311     
3.98          0             -2.346275     
3.99          0             -2.331642     
4             0             -2.316413     
4.01          0             -2.300591     
4.02          0             -2.284178     
4.03          0             -2.267178     
4.04          0             -2.249592     
4.05          0             -2.231423     
4.06          0             -2.212675     
4.07          0             -2.19335      
4.08          0             -2.173451     
4.09          0             -2.152982     
4.1           0             -2.131946     
4.11          0             -2.110346     
4.12          0             -2.088186     
4.13          0             -2.06547      
4.14          0             -2.042201     
4.15          0             -2.018384     
4.16          0             -1.994022     
4.17          0             -1.96912      
4.18          0             -1.943683     
4.19          0             -1.917714     
4.2           0             -1.891218     
4.21          0             -1.8642       
4.22          0             -1.836665     
4.23          0             -1.808618     
4.24          0             -1.780065     
4.25          0             -1.75101      
4.26          0             -1.721459     
4.27          0             -1.691418     
4.28          0             -1.660893     
4.29          0             -1.62989      
4.3           0             -1.598415     
4.31          0             -1.566474     
4.32          0             -1.534074     
4.33          0             -1.501222     
4.34          0             -1.467924     
4.35          0             -1.434188     
4.36          0             -1.400021     
4.37          0             -1.36543      
4.38          0             -1.330424     
4.39          0             -1.295009     
4.4           0             -1.259195     
4.41          0             -1.222989     
4.42          0             -1.1864       
4.43          0             -1.149436     
4.44          0             -1.112108     
4.45          0             -1.074422     
4.46          0             -1.03639      
4.47          0             -0.9980206    
4.48          0             -0.9593235    
4.49          0             -0.9203089    
4.5           0             -0.8809871    
4.51          0             -0.8413687    
4.52          0             -0.8014643    
4.53          0             -0.7612851    
4.54          0             -0.7208421    
4.55          0             -0.6801471    
4.56          0             -0.6392116    
4.57          0             -0.5980476    
4.58          0             -0.5566675    
4.59          0             -0.5150837    
4.6           0             -0.473309     
4.61          0             -0.4313563    
4.62          0             -0.389239     
4.63          0             -0.3469705    
4.64          0             -0.3045647    
4.65          0             -0.2620356    
4.66          0             -0.2193975    
4.67          0             -0.1766648    
4.68          0             -0.1338525    
4.69          0             -0.09097556   
4.7           0             -0.04804931   
4.71          0             -0.005089296  
4.72          0             0.03788868    
4.73          0             0.08086856    
4.74          0             0.1238341     
4.75          0             0.1667687     
4.76          0             0.2096557     
4.77          0             0.2524782     
4.78          0             0.2952188     
4.79          0             0.3378602     
4.8           0             0.3803849     
4.81          0             0.4227749     
4.82          0             0.4650124     
4.83          0             0.5070791     
4.84          0             0.5489568     
4.85          0             0.5906269     
4.86          0             0.6320707     
4.87          0             0.6732696     
4.88          0             0.7142045     
4.89          0             0.7548565     
4.9           0             0.7952065     
4.91          0             0.8352353     
4.92          0             0.8749235     
4.93          0             0.914252      
4.94          0             0.9532014     
4.95          0             0.9917523     
4.96          0             1.029885      
4.97          0             1.067581      
4.98          0             1.10482       
4.99          0             1.141584      
5             0             1.177853      
5.01          0             1.213608      
5.02          0             1.24883       
5.03          0             1.2835        
5.04          0             1.3176        
5.05          0             1.351111      
5.06          0             1.384015      
5.07          0             1.416295      
5.08          0             1.447931      
5.09          0             1.478908      
5.1           0             1.509207      
5.11          0             1.538812      
5.12          0             1.567706      
5.13          0             1.595874      
5.14          0             1.623299      
5.15          0             1.649967      
5.16          0             1.675862      
5.17          0             1.700971      
5.18          0             1.725278      
5.19          0             1.748771      
5.2           0             1.771437      
5.21          0             1.793264      
5.22          0             1.81424       
5.23          0             1.834353      
5.24          0             1.853593      
5.25          0             1.87195       
5.26          0             1.889415      
5.27          0             1.905979      
5.28          0             1.921634      
5.29          0             1.936373      
5.3           0             1.950188      
5.31          0             1.963073      
5.32          0             1.975024      
5.33          0             1.986036      
5.34          0             1.996104      
5.35          0             2.005225      
5.36          0             2.013397      
5.37          0             2.020617      
5.38          0             2.026885      
5.39          0             2.032199      
5.4           0             2.036561      
5.41          0             2.03997       
5.42          0             2.042429      
5.43          0             2.043938      
5.44          0             2.044502      
5.45          0             2.044124      
5.46          0             2.042807      
5.47          0             2.040557      
5.48          0             2.037378      
5.49          0             2.033276      
5.5           0             2.028259      
5.51          0             2.022333      
5.52          0             2.015504      
5.53          0             2.007783      
5.54          0             1.999177      
5.55          0             1.989694      
5.56          0             1.979346      
5.57          0             1.968141      
5.58          0             1.95609       
5.59          0             1.943204      
5.6           0             1.929493      
5.61          0             1.914971      
5.62          0             1.899647      
5.63          0             1.883536      
5.64          0             1.866648      
5.65          0             1.848997      
5.66          0             1.830596      
5.67          0             1.811459      
5.68          0             1.791598      
5.69          0             1.771027      
5.7           0             1.749761      
5.71          0             1.727813      
5.72          0             1.705198      
5.73          0             1.68193       
5.74          0             1.658023      
5.75          0             1.633491      
5.76          0             1.608351      
5.77          0             1.582615      
5.78          0             1.556299      
5.79          0             1.529418      
5.8           0             1.501986      
5.81          0             1.474018      
5.82          0             1.44553       
5.83          0             1.416534      
5.84          0             1.387047      
5.85          0             1.357083      
5.86          0             1.326657      
5.87          0             1.295782      
5.88          0             1.264474      
5.89          0             1.232747      
5.9           0             1.200615      
5.91          0             1.168092      
5.92          0             1.135193      
5.93          0             1.101931      
5.94          0             1.06832       
5.95          0             1.034374      
5.96          0             1.000106      
5.97          0             0.9655305     
5.98          0             0.9306596     
5.99          0             0.8955069     
6             0             0.8600853     
6.01          0             0.8244076     
6.02          0             0.7884865     
6.03          0             0.7523344     
6.04          0             0.7159638     
6.05          0             0.6793867     
6.06          0             0.6426151     
6.07          0             0.6056608     
6.08          0             0.5685355     
6.09          0             0.5312506     
6.1           0             0.4938175     
6.11          0             0.4562471     
6.12          0             0.4185506     
6.13          0             0.3807387     
6.14          0             0.3428219     
6.15          0             0.3048106     
6.16          0             0.2667152     
6.17          0             0.2285456     
6.18          0             0.1903119     
6.19          0             0.1520236     
6.2           0             0.1136904     
6.21          0             0.07532167    
6.22          0             0.0369266     
6.23          0             -0.00148574   
6.24          0             -0.03990647   
6.25          0             -0.07832686   
6.26          0             -0.1167384    
6.27          0             -0.1551326    
6.28          0             -0.1935012    
6.29          0             -0.2318363    
6.3           0             -0.2701298    
6.31          0             -0.3083739    
6.32          0             -0.3465611    
6.33          0             -0.3846839    
6.34          0             -0.4227349    
6.35          0             -0.4607069    
6.36          0             -0.498593     
6.37          0             -0.5363861    
6.38          0             -0.5740796    
6.39          0             -0.6116668    
6.4           0             -0.6491412    
6.41          0             -0.6864964    
6.42          0             -0.7237263    
6.43          0             -0.7608247    
6.44          0             -0.7977856    
6.45          0             -0.8346032    
6.46          0             -0.8712717    
6.47          0             -0.9077855    
6.48          0             -0.9441392    
6.49          0             -0.9803272    
6.5           0             -1.016345     
6.51          0             -1.052186     
6.52          0             -1.087846     
6.53          0             -1.12332      
6.54          0             -1.158604     
6.55          0             -1.193691     
6.56          0             -1.228579     
6.57          0             -1.263262     
6.58          0             -1.297735     
6.59          0             -1.331995     
6.6           0             -1.366038     
6.61          0             -1.399858     
6.62          0             -1.433452     
6.63          0             -1.466816     
6.64          0             -1.499947     
6.65          0             -1.532839     
6.66          0             -1.56549      
6.67          0             -1.597896     
6.68          0             -1.630054     
6.69          0             -1.661959     
6.7           0             -1.693608     
6.71          0             -1.724999     
6.72          0             -1.756127     
6.73          0             -1.78699      
6.74          0             -1.817584     
6.75          0             -1.847907     
6.76          0             -1.877955     
6.77          0             -1.907725     
6.78          0             -1.937215     
6.79          0             -1.966422     
6.8           0             -1.995343     
6.81          0             -2.023975     
6.82          0             -2.052316     
6.83          0             -2.080363     
6.84          0             -2.108114     
6.85          0             -2.135566     
6.86          0             -2.162717     
6.87          0             -2.189564     
6.88          0             -2.216106     
6.89          0             -2.242339     
6.9           0             -2.268263     
6.91          0             -2.293874     
6.92          0             -2.31917      
6.93          0             -2.344151     
6.94          0             -2.368812     
6.95          0             -2.393153     
6.96          0             -2.417172     
6.97          0             -2.440867     
6.98          0             -2.464236     
6.99          0             -2.487277     
7             0             -2.509988     
7.01          0             -2.532368     
7.02          0             -2.554416     
7.03          0             -2.576129     
7.04          0             -2.597505     
7.05          0             -2.618545     
7.06          0             -2.639245     
7.07          0             -2.659604     
7.08          0             -2.679622     
7.09          0             -2.699296     
7.1           0             -2.718626     
7.11          0             -2.737609     
7.12          0             -2.756245     
7.13          0             -2.774532     
7.14          0             -2.792469     
7.15          0             -2.810056     
7.16          0             -2.82729      
7.17          0             -2.84417      
7.18          0             -2.860696     
7.19          0             -2.876867     
7.2           0             -2.892681     
7.21          0             -2.908137     
7.22          0             -2.923234     
7.23          0             -2.937972     
7.24          0             -2.952349     
7.25          0             -2.966365     
7.26          0             -2.980018     
7.27          0             -2.993308     
7.28          0             -3.006234     
7.29          0             -3.018795     
7.3           0             -3.03099      
7.31          0             -3.042819     
7.32          0             -3.05428      
7.33          0             -3.065374     
7.34          0             -3.076099     
7.35          0             -3.086454     
7.36          0             -3.09644      
7.37          0             -3.106055     
7.38          0             -3.115298     
7.39          0             -3.12417      
7.4           0             -3.132669     
7.41          0             -3.140796     
7.42          0             -3.148549     
7.43          0             -3.155928     
7.44          0             -3.162933     
7.45          0             -3.169563     
7.46          0             -3.175818     
7.47          0             -3.181697     
7.48          0             -3.1872       
7.49          0             -3.192326     
7.5           0             -3.197076     
7.51          0             -3.201448     
7.52          0             -3.205443     
7.53          0             -3.20906      
7.54          0             -3.212299     
7.55          0             -3.21516      
7.56          0             -3.217642     
7.57          0             -3.219746     
7.58          0             -3.221471     
7.59          0             -3.222816     
7.6           0             -3.223783     
7.61          0             -3.22437      
7.62          0             -3.224577     
7.63          0             -3.224405     
7.64          0             -3.223853     
7.65          0             -3.222922     
7.66          0             -3.22161      
7.67          0             -3.21992      
7.68          0             -3.217849     
7.69          0             -3.215398     
7.7           0             -3.212568     
7.71          0             -3.209359     
7.72          0             -3.205769     
7.73          0             -3.201801     
7.74          0             -3.197453     
7.75          0             -3.192726     
7.76          0             -3.18762      
7.77          0             -3.182135     
7.78          0             -3.176272     
7.79          0             -3.17003      
7.8           0             -3.163411     
7.81          0             -3.156413     
7.82          0             -3.149038     
7.83          0             -3.141286     
7.84          0             -3.133158     
7.85          0             -3.124652     
7.86          0             -3.115771     
7.87          0             -3.106514     
7.88          0             -3.096882     
7.89          0             -3.086876     
7.9           0             -3.076495     
7.91          0             -3.06574      
7.92          0             -3.054613     
7.93          0             -3.043112     
7.94          0             -3.03124      
7.95          0             -3.018996     
7.96          0             -3.006382     
7.97          0             -2.993397     
7.98          0             -2.980044     
7.99          0             -2.966321     
8             0             -2.952231     
8.01          0             -2.937774     
8.02          0             -2.92295      
8.03          0             -2.907761     
8.04          0             -2.892207     
8.05          0             -2.87629      
8.06          0             -2.86001      
8.07          0             -2.843368     
8.08          0             -2.826365     
8.09          0             -2.809003     
8.1           0             -2.791282     
8.11          0             -2.773203     
8.12          0             -2.754768     
8.13          0             -2.735978     
8.14          0             -2.716834     
8.15          0             -2.697336     
8.16          0             -2.677487     
8.17          0             -2.657288     
8.18          0             -2.63674      
8.19          0             -2.615845     
8.2           0             -2.594603     
8.21          0             -2.573017     
8.22          0             -2.551088     
8.23          0             -2.528817     
8.24          0             -2.506206     
8.25          0             -2.483257     
8.26          0             -2.459971     
8.27          0             -2.43635      
8.28          0             -2.412396     
8.29          0             -2.388111     
8.3           0             -2.363496     
8.31          0             -2.338554     
8.32          0             -2.313286     
8.33          0             -2.287694     
8.34          0             -2.261781     
8.35          0             -2.235549     
8.36          0             -2.208999     
8.37          0             -2.182135     
8.38          0             -2.154957     
8.39          0             -2.12747      
8.4           0             -2.099674     
8.41          0             -2.071573     
8.42          0             -2.043168     
8.43          0             -2.014464     
8.44          0             -1.985461     
8.45          0             -1.956163     
8.46          0             -1.926573     
8.47          0             -1.896693     
8.48          0             -1.866527     
8.49          0             -1.836077     
8.5           0             -1.805346     
8.51          0             -1.774338     
8.52          0             -1.743055     
8.53          0             -1.711501     
8.54          0             -1.679678     
8.55          0             -1.647592     
8.56          0             -1.615244     
8.57          0             -1.582639     
8.58          0             -1.54978      
8.59          0             -1.51667      
8.6           0             -1.483314     
8.61          0             -1.449715     
8.62          0             -1.415878     
8.63          0             -1.381806     
8.64          0             -1.347503     
8.65          0             -1.312974     
8.66          0             -1.278223     
8.67          0             -1.243254     
8.68          0             -1.208071     
8.69          0             -1.17268      
8.7           0             -1.137085     
8.71          0             -1.10129      
8.72          0             -1.0653       
8.73          0             -1.029121     
8.74          0             -0.9927578    
8.75          0             -0.9562147    
8.76          0             -0.9194972    
8.77          0             -0.8826108    
8.78          0             -0.8455608    
8.79          0             -0.8083528    
8.8           0             -0.7709925    
8.81          0             -0.7334855    
8.82          0             -0.6958377    
8.83          0             -0.658055     
8.84          0             -0.6201436    
8.85          0             -0.5821096    
8.86          0             -0.5439593    
8.87          0             -0.505699     
8.88          0             -0.4673353    
8.89          0             -0.4288748    
8.9           0             -0.3903243    
8.91          0             -0.3516905    
8.92          0             -0.3129805    
8.93          0             -0.2742013    
8.94          0             -0.2353601    
8.95          0             -0.1964642    
8.96          0             -0.1575211    
8.97          0             -0.1185383    
8.98          0             -0.07952333   
8.99          0             -0.04048411   
9             0             -0.001428472  
9.01          0             0.03763558    
9.02          0             0.07669993    
9.03          0             0.1157563     
9.04          0             0.1547965     
9.05          0             0.1938119     
9.06          0             0.232794      
9.07          0             0.2717342     
9.08          0             0.3106236     
9.09          0             0.3494533     
9.1           0             0.3882144     
9.11          0             0.4268978     
9.12          0             0.4654941     
9.13          0             0.5039942     
9.14          0             0.5423886     
9.15          0             0.5806678     
9.16          0             0.6188223     
9.17          0             0.6568422     
9.18          0             0.6947179     
9.19          0             0.7324395     
9.2           0             0.7699971     
9.21          0             0.8073805     
9.22          0             0.8445798     
9.23          0             0.8815848     
9.24          0             0.9183852     
9.25          0             0.9549707     
9.26          0             0.991331      
9.27          0             1.027456      
9.28          0             1.063334      
9.29          0             1.098957      
9.3           0             1.134312      
9.31          0             1.169389      
9.32          0             1.204178      
9.33          0             1.238669      
9.34          0             1.27285       
9.35          0             1.306711      
9.36          0             1.340242      
9.37          0             1.373431      
9.38          0             1.406268      
9.39          0             1.438743      
9.4           0             1.470845      
9.41          0             1.502564      
9.42          0             1.533889      
9.43          0             1.564809      
9.44          0             1.595315      
9.45          0             1.625396      
9.46          0             1.655042      
9.47          0             1.684243      
9.48          0             1.712989      
9.49          0             1.74127       
9.5           0             1.769076      
9.51          0             1.796397      
9.52          0             1.823224      
9.53          0             1.849548      
9.54          0             1.875359      
9.55          0             1.900649      
9.56          0             1.925408      
9.57          0             1.949627      
9.58          0             1.973298      
9.59          0             1.996413      
9.6           0             2.018964      
9.61          0             2.040941      
9.62          0             2.062339      
9.63          0             2.083149      
9.64          0             2.103364      
9.65          0             2.122976      
9.66          0             2.14198       
9.67          0             2.160368      
9.68          0             2.178134      
9.69          0             2.195272      
9.7           0             2.211777      
9.71          0             2.227643      
9.72          0             2.242864      
9.73          0             2.257436      
9.74          0             2.271354      
9.75          0             2.284614      
9.76          0             2.297212      
9.77          0             2.309144      
9.78          0             2.320407      
9.79          0             2.330997      
9.8           0             2.340912      
9.81          0             2.35015       
9.82          0             2.358708      
9.83          0             2.366584      
9.84          0             2.373777      
9.85          0             2.380286      
9.86          0             2.386109      
9.87          0             2.391247      
9.88          0             2.395699      
9.89          0             2.399464      
9.9           0             2.402545      
9.91          0             2.40494       
9.92          0             2.406652      
9.93          0             2.407681      
9.94          0             2.408029      
9.95          0             2.407698      
9.96          0             2.406691      
9.97          0             2.405009      
9.98          0             2.402656      
9.99          0             2.399634      
10            0             2.395947      
